%YAML:1.0
---
K: !!opencv-matrix
   rows: 3
   cols: 3
   dt: d
   data: [ 1.1355039486556639e+03, 0., 9.7624819912498140e+02, 0.,
       1.1348463867848593e+03, 5.3908426037625020e+02, 0., 0., 1. ]
D: !!opencv-matrix
   rows: 1
   cols: 5
   dt: d
   data: [ 2.0567050678692717e-01, -4.8583451623921414e-01,
       1.5901653404882387e-03, 8.4315473438195047e-04,
       2.7924736528356436e-01 ]
