%YAML:1.0
---
K: !!opencv-matrix
   rows: 3
   cols: 3
   dt: d
   data: [ 1.1449690832119252e+03, 0., 1.0087700126930789e+03, 0.,
       1.1493375248735006e+03, 5.6332620358630959e+02, 0., 0., 1. ]
D: !!opencv-matrix
   rows: 1
   cols: 5
   dt: d
   data: [ 1.8329309350610726e-01, -4.2308547595779217e-01,
       -4.3091365060334962e-04, 4.1510377232817716e-04,
       2.1546321228350132e-01 ]
