%YAML:1.0
---
K: !!opencv-matrix
   rows: 3
   cols: 3
   dt: d
   data: [ 1.1380108296129356e+03, 0., 9.9853740413437561e+02, 0.,
       1.1351374833867799e+03, 5.7216761222623325e+02, 0., 0., 1. ]
D: !!opencv-matrix
   rows: 1
   cols: 5
   dt: d
   data: [ 1.7071344389122495e-01, -3.9325076869869857e-01,
       2.9082868595780328e-04, 4.2031120003640913e-04,
       1.9357329769907616e-01 ]
